      0/99     1.81G   0.09893   0.04764   0.02131    0.1679        30       416         0         0  0.001587 0.0002944   0.08504   0.02206   0.03531
      1/99     1.81G   0.09344   0.04973   0.01541    0.1586        40       416         0         0  0.005799  0.001407   0.08099   0.02243   0.03596
      2/99     1.81G   0.08784   0.04993   0.01227      0.15        32       416   0.01432   0.01075  0.003013 0.0005957   0.08129   0.02286   0.03354
      3/99     1.82G   0.08028   0.05145  0.009282     0.141        35       416  0.001481   0.01075  0.002394 0.0005067   0.08033   0.02581   0.02608
      4/99     1.82G   0.07551   0.05114  0.007099    0.1337        34       416   0.01091   0.04139  0.002496 0.0004708   0.07839    0.0237    0.0394
      5/99     1.82G    0.0707   0.05078  0.005377    0.1269        35       416   0.00772   0.06718  0.003629 0.0007497   0.07799   0.02498   0.03243
      6/99     1.82G   0.06663   0.04872  0.004305    0.1197        35       416   0.01284    0.2059   0.01187  0.003024   0.07354   0.03182   0.02271
      7/99     1.82G   0.06207   0.04577  0.003588    0.1114        33       416   0.01773   0.03602  0.005831  0.001438    0.0773   0.02229    0.0292
      8/99     1.82G   0.05921   0.04342   0.00287    0.1055        37       416   0.01854    0.2053   0.01263  0.002853   0.06826   0.03094   0.02368
      9/99     1.82G   0.05657   0.04126  0.002692    0.1005        25       416   0.03702    0.2177   0.05131   0.01846   0.06741   0.02426   0.02812
     10/99     1.82G   0.05436   0.03943  0.002331   0.09612        32       416    0.0588    0.2129   0.03189  0.009211   0.06712   0.02804   0.04081
     11/99     1.82G   0.05269   0.03888  0.002292   0.09386        34       416   0.04649    0.2464   0.05502   0.02069   0.06784   0.02609   0.02809
     12/99     1.82G   0.05104   0.03803  0.001927     0.091        34       416   0.03231    0.2521   0.05141   0.01356   0.06666    0.0252   0.02543
     13/99     1.82G   0.04998   0.03688  0.001914   0.08878        28       416   0.04019    0.2214   0.05516   0.01728   0.06618   0.02353   0.02053
     14/99     1.82G   0.04853   0.03689  0.001747   0.08716        26       416   0.04947    0.2698   0.05401   0.01793   0.06578   0.02403   0.01927
     15/99     1.82G   0.04742   0.03596  0.001539   0.08492        34       416   0.05023    0.2295   0.05609   0.02081   0.06588   0.02474   0.02174
     16/99     1.82G   0.04651   0.03519  0.001496   0.08319        37       416   0.03594    0.1779   0.05644   0.01819   0.06521   0.02446   0.02155
     17/99     1.82G   0.04556   0.03465  0.001401   0.08161        31       416   0.04865    0.2741   0.06832   0.02672   0.06373   0.02337   0.01956
     18/99     1.82G   0.04499   0.03426  0.001472   0.08071        35       416   0.04921    0.2585   0.08185   0.03131   0.06576   0.02329   0.02796
     19/99     1.82G   0.04434   0.03451  0.001371   0.08021        36       416    0.0441    0.2676   0.08527    0.0253    0.0657   0.02383   0.01746
     20/99     1.82G   0.04314   0.03314  0.001416   0.07769        36       416   0.04411    0.2144   0.05299   0.02149   0.06512   0.02501    0.0202
     21/99     1.82G   0.04277   0.03305  0.001311   0.07714        34       416   0.04467    0.2381   0.05648   0.01529   0.06593   0.02413   0.02592
     22/99     1.82G   0.04213   0.03229  0.001334   0.07575        35       416   0.07915     0.236   0.06322   0.01497   0.06624   0.02392   0.03236
     23/99     1.82G   0.04152   0.03256   0.00114   0.07522        34       416   0.03371    0.2182   0.03018  0.009125   0.06527   0.02787   0.02136
     24/99     1.82G   0.04097     0.032   0.00104     0.074        44       416   0.06347    0.1817   0.07005   0.02203   0.06461   0.02434   0.03134
     25/99     1.82G   0.04079   0.03207  0.001136   0.07399        44       416   0.05743    0.2016   0.06142   0.02198   0.06408   0.02473   0.02933
     26/99     1.82G   0.04057   0.03112  0.001092   0.07278        37       416   0.05116    0.1473   0.04281   0.01783   0.06544   0.02432   0.02658
     27/99     1.82G   0.03921    0.0305  0.001197   0.07091        35       416   0.05939    0.2137   0.07203    0.0186   0.06598   0.02327   0.02478
     28/99     1.82G   0.03929   0.03088  0.001088   0.07125        38       416   0.04667    0.1892   0.04484   0.01265   0.06675   0.02642   0.02214
     29/99     1.82G   0.03889   0.03057  0.001078   0.07054        42       416    0.1081    0.2225   0.07418   0.03127   0.06701   0.02537   0.03313
     30/99     1.82G   0.03866   0.03029  0.001163   0.07011        35       416    0.0507    0.2043   0.07113   0.02053   0.06582   0.02442    0.0274
     31/99     1.82G   0.03812   0.02989  0.001115   0.06913        41       416   0.07134    0.2118   0.05145   0.01356   0.06666   0.02828   0.02723
     32/99     1.82G   0.03754   0.02953 0.0009821   0.06805        31       416   0.04466    0.1795   0.05775   0.02495   0.06641   0.02562   0.02646
     33/99     1.82G   0.03749   0.02937  0.001026   0.06789        28       416   0.06486     0.172   0.05876   0.02403   0.06531   0.02484   0.03947
     34/99     1.82G   0.03683   0.02874 0.0008897   0.06646        33       416   0.05251    0.1715   0.07841   0.03514   0.06499   0.02397   0.03911
     35/99     1.82G   0.03678   0.02906 0.0009355   0.06677        33       416   0.05911    0.1849   0.07483    0.0309   0.06571   0.02463   0.03404
     36/99     1.82G   0.03582   0.02807 0.0008915   0.06478        29       416   0.06801    0.2311   0.09068   0.03254   0.06554   0.02431   0.02458
     37/99     1.82G   0.03589   0.02868 0.0009573   0.06552        37       416   0.05897     0.259   0.07025   0.02419   0.06471   0.02421   0.02755
     38/99     1.82G   0.03576   0.02835 0.0009018   0.06501        33       416   0.06878    0.1689   0.05431   0.01683   0.06609   0.02504   0.02782
     39/99     1.82G   0.03548   0.02775  0.001018   0.06425        32       416   0.05994    0.2639   0.07841   0.02884   0.06302   0.02464   0.02572
     40/99     1.82G   0.03471   0.02764  0.001074   0.06342        39       416   0.06073     0.172   0.05433   0.02337   0.06646    0.0243   0.02453
     41/99     1.82G   0.03427    0.0277 0.0007684   0.06273        34       416   0.05228    0.1716   0.06343   0.02321   0.06575   0.02656   0.02478
     42/99     1.82G   0.03409   0.02698  0.000711   0.06178        35       416   0.05419    0.1811   0.07327   0.02578   0.06515   0.02367   0.02294
     43/99     1.82G   0.03413    0.0275 0.0007858   0.06242        37       416   0.06028    0.2633   0.07119   0.02687   0.06336   0.02412   0.02402
     44/99     1.82G   0.03395    0.0273 0.0008348   0.06208        35       416   0.06234    0.2069   0.05342   0.01517   0.06587     0.025   0.02885
     45/99     1.82G   0.03391   0.02725 0.0007883   0.06195        35       416   0.03548    0.1618   0.08076   0.03325   0.06703   0.02426   0.03585
     46/99     1.82G   0.03327   0.02711  0.000814    0.0612        36       416   0.06062      0.15   0.06311   0.02728    0.0669   0.02457   0.03052
     47/99     1.82G   0.03314   0.02687 0.0007741   0.06079        33       416   0.05882    0.1623   0.06726   0.02572   0.06593   0.02574   0.03263
     48/99     1.82G   0.03269   0.02613 0.0007547   0.05958        46       416    0.0668    0.1849    0.0746   0.03231   0.06439   0.02563   0.02913
     49/99     1.82G    0.0325   0.02625 0.0009518    0.0597        34       416   0.04818    0.1881    0.0673   0.02661   0.06696    0.0255   0.03222
     50/99     1.82G   0.03242   0.02669 0.0007682   0.05988        33       416   0.06559    0.1887   0.06419   0.02415   0.06374   0.02534   0.03064
     51/99     1.82G   0.03222   0.02623 0.0008339   0.05928        45       416   0.06583    0.1505   0.05873   0.02629   0.06751   0.02481   0.03065
     52/99     1.82G   0.03218   0.02625 0.0007168   0.05915        40       416   0.07037     0.172   0.07119     0.033   0.06663   0.02512   0.03217
     53/99     1.82G   0.03177    0.0261 0.0006838   0.05856        29       416   0.04996    0.1355    0.0561   0.02383   0.06828   0.02497   0.03567
     54/99     1.82G   0.03157   0.02546 0.0007498   0.05779        29       416    0.0804    0.1822      0.07   0.02763    0.0658   0.02441   0.03856
     55/99     1.82G   0.03091   0.02491 0.0007254   0.05655        29       416    0.1062    0.2268   0.09232   0.03424   0.06595   0.02258   0.02559
     56/99     1.82G   0.03122   0.02539 0.0007681   0.05737        32       416   0.05518    0.1677   0.05497   0.02257   0.06654   0.02742   0.03168
     57/99     1.82G   0.03099   0.02474 0.0006948   0.05642        28       416   0.08698    0.1575    0.0484   0.01746   0.06675   0.02576   0.03131
     58/99     1.82G   0.03033   0.02465 0.0008397   0.05583        35       416   0.08594     0.165   0.06749   0.02868   0.06517    0.0262   0.02958
     59/99     1.82G   0.03043   0.02477 0.0007128   0.05591        28       416   0.05579    0.1994   0.06667   0.02366   0.06477    0.0252   0.03023
     60/99     1.82G   0.02964    0.0239 0.0006062   0.05415        30       416   0.08714    0.1887   0.07176   0.02187   0.06539    0.0253   0.02587
     61/99     1.82G   0.02992   0.02428 0.0008142   0.05502        28       416   0.06426    0.1666   0.07668   0.03018   0.06625   0.02599   0.03827
     62/99     1.82G   0.02937   0.02416 0.0007393   0.05427        31       416   0.06483    0.1672   0.07641   0.03143   0.06552   0.02601   0.02674
     63/99     1.82G   0.02954   0.02407 0.0006106   0.05422        37       416   0.06024     0.136   0.05373   0.02556   0.06761   0.02717   0.03878
     64/99     1.82G   0.02919   0.02371 0.0006706   0.05357        52       416   0.07542    0.1924   0.07466   0.03114   0.06665   0.02434   0.02677
     65/99     1.82G   0.02905   0.02305  0.000703    0.0528        32       416   0.05857    0.1688   0.05535   0.02363   0.06605   0.02567   0.02736
     66/99     1.82G   0.02866   0.02315 0.0005723   0.05238        30       416   0.06874    0.1924   0.06045   0.02389   0.06684   0.02559   0.03497
     67/99     1.82G   0.02882   0.02312  0.000545   0.05248        34       416   0.07738    0.1747   0.06953    0.0303   0.06643   0.02542   0.03153
     68/99     1.82G   0.02845   0.02317 0.0006277   0.05226        34       416   0.09113    0.1677   0.06334   0.02466   0.06758   0.02589   0.05093
     69/99     1.82G   0.02839   0.02344 0.0005977   0.05243        33       416   0.06885    0.1731   0.05824   0.01981   0.06547   0.02576   0.03899
     70/99     1.82G   0.02791    0.0228  0.000616   0.05133        34       416   0.08296    0.2252   0.09107   0.03721   0.06375   0.02519   0.02305
     71/99     1.82G   0.02783   0.02251 0.0006301   0.05098        33       416     0.107    0.1629   0.07936   0.03225   0.06665   0.02669   0.03384
     72/99     1.82G   0.02764   0.02298 0.0006631   0.05128        30       416   0.06204    0.1672   0.06169   0.02566   0.06585   0.02572   0.03274
     73/99     1.82G   0.02749   0.02266 0.0006699   0.05082        32       416   0.06946     0.179   0.06772   0.02775   0.06658   0.02605    0.0337
     74/99     1.82G   0.02697   0.02259 0.0006182   0.05018        31       416   0.08451    0.1838   0.07818   0.03035   0.06688    0.0253   0.03588
     75/99     1.82G   0.02719   0.02252 0.0005216   0.05023        31       416   0.07323    0.1612   0.07149   0.02854   0.06807   0.02594   0.03716
     76/99     1.82G   0.02725   0.02234 0.0004887   0.05008        31       416   0.08067    0.1634   0.07874   0.03363   0.06735   0.02562   0.03068
     77/99     1.82G   0.02745     0.022 0.0005644   0.05002        30       416   0.06627    0.1876   0.07775   0.03286   0.06695   0.02587   0.03243
     78/99     1.82G   0.02653   0.02192 0.0005903   0.04904        36       416   0.09917    0.1812   0.07785   0.02913   0.06707   0.02513   0.03151
     79/99     1.82G   0.02684   0.02257  0.000562   0.04997        39       416   0.05564    0.1526   0.05876   0.02633   0.06746   0.02618   0.03566
     80/99     1.82G   0.02673   0.02188 0.0005288   0.04914        30       416   0.08089    0.1859   0.07233   0.02725    0.0666   0.02622   0.03448
     81/99     1.82G   0.02646   0.02194 0.0005107   0.04892        34       416   0.06028    0.1698   0.06026   0.02502   0.06615    0.0269   0.03563
     82/99     1.82G   0.02617   0.02159  0.000595   0.04835        29       416   0.06385    0.1585   0.06293   0.02799   0.06571   0.02701   0.03528
     83/99     1.82G   0.02604   0.02124 0.0004056   0.04768        28       416   0.06987     0.187   0.06717   0.02929   0.06616   0.02629   0.03006
     84/99     1.82G   0.02573   0.02162 0.0005842   0.04793        33       416   0.07749     0.179    0.0737   0.02904   0.06591   0.02666   0.03001
     85/99     1.82G   0.02559   0.02099 0.0004245     0.047        33       416   0.06499    0.1213   0.06146   0.02877   0.06672   0.02698   0.03723
     86/99     1.82G   0.02543   0.02096 0.0005875   0.04697        34       416   0.07738    0.1752   0.07124   0.02814   0.06586   0.02577   0.03049
     87/99     1.82G   0.02556   0.02081 0.0005253    0.0469        35       416   0.08506    0.1704   0.06562   0.02325   0.06611   0.02683    0.0293
     88/99     1.82G   0.02565   0.02129 0.0005002   0.04744        25       416    0.1032    0.2139   0.07841   0.03021   0.06443     0.027   0.02538
     89/99     1.82G   0.02527   0.02095 0.0004493   0.04668        27       416   0.07521     0.129      0.07    0.0293   0.06717   0.02677     0.037
     90/99     1.82G   0.02508   0.02057 0.0005487    0.0462        38       416    0.0543    0.1317   0.05963   0.02459   0.06709   0.02688   0.03416
     91/99     1.82G   0.02524   0.02082 0.0004508   0.04651        27       416   0.06223    0.1564   0.06508   0.02967   0.06637   0.02682   0.03376
     92/99     1.82G   0.02519   0.02103  0.000424   0.04665        49       416    0.0764    0.1902   0.07643   0.03485    0.0672   0.02529   0.02728
     93/99     1.82G   0.02532   0.02064 0.0005462    0.0465        40       416   0.06959    0.1924   0.07251   0.02783   0.06521   0.02599   0.02777
     94/99     1.82G   0.02496   0.02044  0.000513   0.04591        33       416    0.0755    0.1505   0.05635    0.0219   0.06826   0.02616   0.03474
     95/99     1.82G   0.02479   0.02023 0.0004699   0.04549        37       416   0.08039    0.1419   0.05785   0.02388   0.06745   0.02636   0.03429
     96/99     1.82G   0.02471   0.02026 0.0004353   0.04541        27       416    0.0647     0.114   0.05691   0.02578    0.0689   0.02652   0.03532
     97/99     1.82G   0.02477    0.0202  0.000512   0.04548        39       416   0.07329    0.1859   0.06612    0.0242   0.06666   0.02636   0.03026
     98/99     1.82G   0.02466   0.02006 0.0005136   0.04523        28       416   0.08644    0.1887   0.06246   0.02416   0.06699   0.02501    0.0358
     99/99     1.82G   0.02438   0.02024 0.0004354   0.04505        28       416    0.0765    0.1918   0.06221    0.0229   0.06631    0.0257   0.03321
